11802212
11857086
11976323
11980654
11980715
12065682
12082607
12097282
12140138
12161501
12192110
12208764
12219015
12219835
12296652
12373297
12383904
12415261
12419447
12434285
12439909
12441195
12446006
12452772
12463595
12466123
12467216
12473681
12482245
12484029
12489119
12490541
12494889
12495475
12518062
12530531
12548019
12553047
12577239
12643451
12647634
12650706
12659514
12674770
12718610
12734068
1281386
1282003
1288288
1295379
1306527
1311633
1312308
1312623
1318961
1334154
1337999
1370093
1371284
1394217
1403541
1444225
1451050
1458472
14607726
1473227
15195125
16078444
1617649
17585441
17590955
19836430
19895865
19935714
20043883
20056578
20092964
20094972
20098673
20101074
20110254
20111042
20119958
20122407
20154149
20187579
20190402
20204363
20208138
20210607
20225150
20332304
20339477
20351312
20363723
20363913
20377132
20385015
20389043
20398195
20414008
20422865
20422883
20423312
20432174
20463594
20464641
20487216
20522955
20559452
20569502
20574928
20619277
20632815
20734923
20823571
20876800
20876804
20878069
20882892
20924143
20927103
20943596
20948210
20954073
20964820
20980434
21049082
21058195
21071263
21075102
21125741
21132012
21148072
21183791
21188144
21190990
21195136
21195710
21318160
21445621
21604273
22025280
22044563
22048816
22134754
22201685
22264502
22277962
22301190
22328083
22384099
22384233
22395432
22410783
22428047
22431524
22479563
22508045
22511934
22525268
22525723
22539965
22563920
22580046
22618884
22623369
22685175
22760862
22768028
22768158
22778940
22821546
22825327
22840369
22848707
22867999
22876119
22884369
22888341
22893470
22895699
22896630
22903612
22927549
22927647
22948179
22952573
22953701
22970226
22991213
22992812
23006539
23028579
23029447
23030360
23038007
23065281
23089469
23091651
23108141
23116564
23131583
23140147
23143272
23143679
23144724
23145312
23152853
23166757
23167425
23168911
23172666
23174591
23180246
23180582
23181114
23182879
23183175
23184390
23187803
23198967
23201449
23211746
23212913
23233419
23238519
23244773
23248097
23255900
23255939
23255942
23257894
23259762
23263186
23264393
23264851
23268708
23270728
23271722
23272179
23273978
23274516
23274518
23275151
23275152
23276457
23276719
23280187
23287468
23291718
23294923
23300633
23339698
23406762
23422737
23798001
23816712
23920275
23949920
23954413
24343302
24366173
