11773160
11774243
11791181
11821958
11857413
11888853
11896073
11912168
11914273
11914642
11953889
11978176
11980647
11986236
12000222
12031683
12041507
12046072
12060611
12065244
12069693
12082612
12084030
12112320
12115477
12136428
12142967
12151349
12171898
12177246
12183074
12183433
12195297
12203111
12209878
12220644
12220727
12227504
12230501
12231192
12239968
12355140
12357429
12359748
12359757
12368953
12370286
12370496
12376465
12386826
12387751
12392158
12393401
12393629
12408370
12411706
12417599
12420217
12426565
12429650
12429974
12430006
12431980
12435633
12441637
12444543
12444953
12445208
12446587
12450390
12453272
12458342
12461298
12462603
12468598
12473065
12475992
12478469
12479268
12481036
12483647
12489114
12494891
12498392
12499255
12499280
12505357
12506039
12507933
12508543
12508545
12509233
12509260
12509275
12509276
12509295
12513759
12513808
12521324
12522551
12529992
12530056
12530060
12530080
12530607
12531010
12531020
12531021
12533046
12533744
12536237
12536240
12549857
12550055
12553062
12553372
12554766
12556337
12572356
12579213
12581481
12588700
12607798
12625783
12626418
12632256
12634122
12635657
12636098
12643444
12658805
12658828
12665307
12683217
12716464
12718607
12725487
1280402
1280703
1281278
1281554
1281999
12831059
1284834
12906318
1295440
1313584
1315291
1319408
1327543
1328987
1330343
1338304
1348967
1354348
1361306
1365325
1373558
1373811
1384375
1394185
1394204
1395091
1419600
1423296
1423885
1433375
1434651
1450637
1457364
1457579
14578017
1458468
1458471
1458479
1459734
1459995
1460013
1460673
1463095
1463101
1467515
1469065
14694722
1470779
1472035
1478710
1480469
1483264
1485542
1486841
1486863
1494354
14983378
15119525
1516065
1524003
1536007
1540219
15515527
1559229
1572394
1577279
1582349
1612500
1614357
1622628
1639009
1639539
17298156
1741385
18763061
19003113
19003298
19556603
19655166
19720422
19737566
19744772
19815061
19832839
19840828
19853600
19881551
19909581
19913046
19960020
19963135
19966861
20000475
20008136
20016540
20018866
20026737
20026743
20031246
20042714
20043298
20064835
20067526
20074151
20080488
20080744
20080835
20082738
20086003
20086180
20090913
20094029
20100566
20103683
20113375
20118229
20123696
20133837
20134230
20140245
20145304
20160030
20160076
20167975
20179302
20184723
20185912
20188144
20190398
20197645
20199942
20200432
20204879
20205716
20205737
20211058
20217555
20223135
20223503
20223881
20234124
20299756
20300433
20303211
20303261
20308543
20331620
20331621
20332618
20333571
20336315
20347380
20350779
20353033
20354187
20354842
20355335
20357441
20358470
20368693
20372058
20378992
20380798
20391138
20392992
20393017
20398056
20406967
20417553
20419261
20420190
20426969
20448329
20450762
20460749
20468007
20482528
20497549
20501860
20511723
20514026
20519814
20519932
20525204
20525379
20530905
20540983
20564218
20573279
20587979
20588279
20593709
20594311
20604962
20639624
20658731
20661828
20664062
20679748
20682066
20683149
20686220
20686221
20693267
20696059
20706593
20714087
20717669
20720310
20737228
20798497
20809980
20810208
20812004
20812283
20817674
20819511
20824135
20839428
20852630
20854069
20856226
20863366
20881612
20889718
20890633
20923189
20925001
20926896
20927195
20930550
20932246
20932474
20936128
20945273
20953816
20959490
20965410
20975318
20975834
20978325
21030559
21030797
21040752
21042532
21044925
21045259
21057538
21061467
21062974
21063097
21063098
21069451
21074696
21076414
21092281
21112394
21116096
21116849
21118556
21118808
21123967
21136273
21141739
21152038
21152298
21156285
21166888
21178304
21179939
21188035
21189165
21193016
21197417
21198260
21198292
21203561
21220911
21280565
21290343
21338203
21358296
21400522
21462328
21541970
21557329
21569197
21739465
21779449
21780103
21816206
21850397
21975289
22027089
22053106
22075705
22093616
22108827
22120717
22123295
22139427
22146344
22159410
22170031
22189713
22201186
22226043
22232214
22237206
22245120
22249246
22251703
22252523
22264786
22266866
22269172
22272768
22276155
22284893
22285130
22307313
22318307
22322523
22341523
22354042
22356938
22362593
22366308
22387176
22407299
22415601
22421439
22422053
22427682
22427941
22431001
22436374
22443054
22449386
22470124
22481237
22495714
22505206
22507866
22520577
22530037
22552284
22564725
22576685
22589701
22590627
22593586
22596188
22629318
22631638
22634383
22652558
22653530
22664794
22689960
22692904
22705236
22707516
22707954
22710435
22710713
22722460
22722849
22753722
22763454
22767230
22768064
22773298
22776956
22777894
22784709
22791146
22797064
22797777
22800968
22814258
22827697
22828138
22832494
22835516
22843550
22844353
22844446
22844452
22847613
22848758
22850877
22851646
22859269
22859959
22870112
22873102
22876288
22889480
22895557
22909360
22911891
22916133
22922989
22926658
22933705
22934133
22934253
22934451
22934693
22939316
22940742
22941038
22944376
22945332
22948721
22949905
22954700
22956286
22962263
22963683
22964484
22970388
22971811
22974233
22980794
22981203
22981962
22983392
22984881
22992618
22999863
23013101
23022267
23023137
23023398
23026134
23026853
23028886
23039130
23041550
23043761
23045683
23045694
23047035
23054118
23055201
23055798
23056300
23056314
23063526
23064360
23069871
23081697
23082126
23082676
23083134
23083876
23085979
23085987
23091717
23092556
23092936
23098072
23104055
23108138
23109338
23116821
23117049
23121427
23123725
23127558
23128449
23128605
23132676
23132960
23135775
23142523
23142824
23143036
23144635
23147699
23149547
23149912
23149922
23151908
23152079
23155249
23157741
23157744
23159001
23160493
23160694
23161184
23161498
23161852
23167349
23172421
23175176
23177934
23178880
23178942
23185784
23190890
23196876
23200933
23203444
23205094
23209436
23209807
23213352
23219618
23219753
23220211
23221383
23221387
23222813
23223340
23226335
23226467
23226513
23226724
23229340
23229497
23230145
23231968
23232078
23232401
23232625
23235164
23236487
23241438
23242420
23242809
23243586
23245650
23246483
23247530
23249693
23249808
23250823
23251295
23251664
23254198
23254288
23254306
23255113
23255243
23255470
23255891
23255914
23255946
23255952
23257665
23257779
23257893
23258707
23259597
23261524
23261678
23263278
23264205
23264463
23264896
23266736
23266739
23266941
23266955
23267699
23267883
23268564
23268707
23270478
23270833
23270926
23271397
23271730
23272057
23272087
23272129
23272224
23274058
23274497
23274568
23274876
23274911
23275006
23276383
23277201
23277562
23280316
23280549
23280601
23284640
23284663
23284890
23285288
23287532
23289480
23291974
23292493
23298485
23300534
23300545
23300602
23300791
23300882
23304196
23304253
23304558
23317208
23317220
23317266
23320038
23320197
23321169
23327050
23350354
23367225
23379414
23383661
23386005
23394443
23430509
23431290
23482850
23484085
23542175
23565596
23587231
23648393
23758735
23772374
23825998
23928665
24009839
24022637
24068038
24100035
24112101
24139416
24142698
24148623
24164383
24174263
24186204
24260065
24260485
24280290
24289616
24328532
24367685
24398380
